1
89
99
230
204
0
16777215
1
89
99
230
204
0
16777215
1
229
157
374
247
0
16777215
1
229
157
374
247
0
16777215
1
383
218
458
268
0
16777215
1
383
218
458
268
0
16777215
1
463
237
613
345
0
16777215
1
463
237
613
345
0
16777215
1
597
298
692
375
0
16777215
1
597
298
692
375
0
16777215
1
697
344
770
410
0
16777215
1
697
344
770
410
0
16777215
1
20
84
20
84
0
255
1
20
84
20
84
0
255
1
88
107
189
236
0
255
1
88
107
189
236
0
255
1
213
197
288
273
0
255
1
213
197
288
273
0
255
1
304
222
430
369
0
255
1
304
222
430
369
0
255
1
465
303
522
351
0
255
1
465
303
522
351
0
255
1
537
317
598
377
0
255
1
537
317
598
377
0
255
1
631
349
714
413
0
255
1
631
349
714
413
0
255
